37
1 2 3 4 5 6 7 8 9 10 11 12 13 14 15 16 17 18 19 20 21 22 23 24 25 26 27 28 29 30 31 32 33 34 35 36 37 
2
b k 
1
23
1 2 6 8 13 16 17 19 21 22 23 24 25 26 28 29 30 31 32 33 34 35 37 
74
1 b 15
1 k 20
2 b 13
2 k 36
3 b 34
3 k 3
4 b 34
4 k 29
5 b 36
5 k 37
6 b 9
6 k 22
7 b 26
7 k 17
8 b 4
8 k 32
9 b 8
9 k 18
10 b 20
10 k 24
11 b 25
11 k 31
12 b 23
12 k 25
13 b 16
13 k 27
14 b 37
14 k 12
15 b 36
15 k 23
16 b 8
16 k 24
17 b 30
17 k 24
18 b 17
18 k 21
19 b 4
19 k 33
20 b 33
20 k 19
21 b 3
21 k 26
22 b 22
22 k 2
23 b 10
23 k 36
24 b 36
24 k 36
25 b 2
25 k 11
26 b 6
26 k 18
27 b 31
27 k 28
28 b 16
28 k 20
29 b 35
29 k 8
30 b 14
30 k 36
31 b 10
31 k 19
32 b 18
32 k 22
33 b 17
33 k 23
34 b 18
34 k 33
35 b 7
35 k 5
36 b 33
36 k 4
37 b 15
37 k 37
