50
7296 9602 7940 9739 8975 2447 3985 3090 5140 6038 4504 542 5406 5793 9249 1825 164 6823 7721 3242 6069 8377 9660 3389 7230 8764 3393 5314 4802 5830 5322 6986 8268 7636 6871 1113 8796 4318 350 8801 3050 1899 9965 9968 7538 5234 9845 8694 2681 9981
2
b k
7296
30
7296 9602 2447 3985 5140 9249 6823 6069 3389 7230 3393 4802 5830 6986 8268 7636 6871 1113 8796 4318 8801 3050 1899 9965 9968 5234 7538 9845 8694 9981
100
3242 b 7636
6069 k 1113
350 k 8801
8764 k 8377
3050 k 5140
6986 k 9602
8694 b 3090
8975 b 2681
5140 k 9968
9981 k 9981
3242 k 9981
9845 k 5234
7230 k 7538
350 b 9965
7636 b 6871
1113 k 2681
3090 k 6069
7636 k 7230
5406 b 8796
8268 k 5793
3985 b 9660
3393 b 9845
6986 b 6986
9968 k 6986
2681 k 9739
8796 b 9602
4802 b 7940
164 k 6871
9981 b 164
5314 b 7538
164 b 2681
5314 k 7230
9660 k 4802
8801 b 6823
1825 k 5793
6823 k 1113
2681 b 7538
9739 k 3050
9249 b 6823
1899 b 1825
3050 b 8694
3393 k 9845
7721 b 8975
8377 k 2447
9968 b 9660
5793 k 8796
5234 b 9602
7721 k 7296
1899 k 2681
9602 k 2681
9249 k 350
6871 b 542
5406 k 9965
9739 b 5234
7538 b 6069
6871 k 2681
3389 k 6871
9965 k 7230
8796 k 5406
8268 b 8268
8764 b 9965
5140 b 9739
2447 k 6986
1113 b 2681
5830 k 164
4504 k 3985
3985 k 2681
7230 b 9739
4318 b 2447
9965 b 542
6823 b 5140
8377 b 350
542 k 1113
6069 b 1899
542 b 5314
3090 b 4318
9845 b 4504
5322 b 3050
6038 b 5140
8694 k 8975
5830 b 4318
7296 b 164
8801 k 5314
9602 b 9249
5793 b 6871
1825 b 9981
7538 k 6871
8975 k 9981
9660 b 6069
7940 b 5234
5322 k 2681
5234 k 7538
4318 k 9660
6038 k 9660
2447 b 6038
7940 k 7940
4802 k 4318
4504 b 9602
7296 k 5314
3389 b 542
10
b
k
bb
bk
kb
kk
bbb
bbk
bkb
bkk
