50
6785 901 4870 5514 5899 8588 5259 3724 7055 15 9489 1554 8851 6420 8978 4625 8220 8093 8355 4774 9768 7977 2101 7869 6206 6590 7235 6211 8005 3321 7113 9675 6862 9296 8149 7254 5208 3421 4191 7137 1255 5103 3698 8563 1012 9462 9209 6906 6909 1022
2
t y
2101
30
6785 901 5514 5899 3724 8588 15 7055 9489 1554 8851 4774 7977 2101 6206 6590 7235 8005 6862 7254 4191 7137 1255 5103 3698 8563 9462 9209 6909 1022
100
901 t 9675
901 t 4774
7235 t 5208
7235 . 9675
7235 . 8149
7137 t 9296
9675 . 8978
9675 . 8220
1554 . 9489
1554 . 8149
6906 . 9675
6211 . 6211
6211 . 5103
6211 y 9296
6211 y 5103
7254 . 15
7137 . 3321
7137 . 9462
6785 t 8588
8220 . 5208
8220 . 1554
8978 y 6906
8978 y 8093
7977 . 8851
6590 t 7113
6590 t 8355
5899 . 1012
5899 . 4191
9296 t 4625
9296 t 3724
8978 t 4774
5514 y 6211
2101 y 7235
2101 y 6420
2101 y 7869
901 . 6206
9675 t 9768
9675 t 5514
9675 t 8149
4191 . 6906
4191 . 7254
6206 . 8220
3321 . 1554
3321 . 6909
8851 y 1022
4774 t 8978
6909 y 1022
9489 . 1554
6906 t 1554
6906 t 7235
6906 t 8851
15 t 15
8220 t 901
7113 t 3698
7113 t 8355
8588 y 15
1255 y 1554
6420 . 9768
15 . 4625
15 . 8851
8355 t 6906
8355 t 8851
3421 y 8563
8355 y 1012
1554 y 5514
8851 . 4870
8851 . 7055
8588 . 4625
8588 . 1012
8149 . 8851
9768 t 5103
4870 t 3321
4870 t 6906
7869 . 9768
5103 . 4870
8005 . 9768
5514 t 9209
8355 . 6785
3321 y 4191
5259 t 3321
6206 y 6906
7055 y 6785
8093 . 7977
8220 y 9296
8220 y 4774
6862 . 8005
4191 t 6211
5899 t 6420
2101 . 8563
7254 y 7137
7254 y 3698
1022 y 8005
4774 . 6785
8978 . 2101
3421 t 5514
9768 y 3698
6862 t 8355
6590 . 7113
5103 y 7113
7137 y 1022
10
t
y
tt
ty
yt
yy
ttt
tty
tyt
tyy
